86
61
240
168
112
115
109
36
127
56
76
229
9
114
212
78
195
17
23
133
178
104
190
210
86
177
49
209
157
231
145
222
128
50
127
38
191
181
174
163
232
227
222
193
99
12
183
214
101
133
13
241
95
125
254
48
58
196
212
141
109
148
200
55
225
69
209
245
207
254
208
133
217
225
83
240
36
47
158
34
89
221
133
227
87
49
145
32
162
98
242
252
123
131
212
213
0
245
147
63
7
240
67
36
61
55
36
173
109
238
4
243
26
184
85
109
110
218
148
33
88
156
154
136
187
157
128
78
19
237
78
240
9
157
104
66
45
163
142
1
191
230
138
138
177
222
7
52
191
80
